2.629709808729430165e+00 3.720575761990622787e+00 -2.365004823208523899e+00
-6.878351929960810018e+00 4.646875298912731544e+00 -7.686853885676517173e+00
2.941705844779235690e+00 7.461622837229584526e-01 1.372414072930817186e+00
-5.030266680126449508e+00 3.135753822558713821e+00 -6.655923601980452631e+00
3.700901844319879785e+00 -7.177665917506187654e+00 7.417226429919857367e+00
-3.067888866826857797e+00 -2.042826355634687285e+00 -7.416344806702696024e-01
6.570761475304237598e-01 9.932706719558467290e-01 -1.100294302566060312e+00
-3.279838214969298393e-01 6.697472700552546954e-01 -2.187104467666332042e+00
2.177129914659372112e+00 1.609813527291768187e+00 1.185473255282730176e-01
-2.467555091173892823e+00 4.568476481259308386e+00 -5.016541804844450780e+00
2.745656997684628564e+00 7.321280325921271093e-01 6.565757286337162713e-01
-5.822949145123000214e+00 3.367352030452351208e+00 -6.266981619014041271e+00
-2.194076376547602902e-01 -4.064519257671197483e-01 2.095268348387107904e-01
3.127865526921567163e+00 4.184957713590365280e+00 -9.666895641604760225e-01
2.659543443237306626e+00 2.903110747920308210e+00 -4.797086601808223660e-01
-9.469264427097778825e-03 -4.116013219196270057e-01 6.563082578076984142e-01
-1.673215669395224092e-01 -1.032804467459025100e+00 2.726622424517438636e-01
-1.649289531329894753e+00 3.923773070495235160e+00 -3.576054088573248801e+00
-2.356581079362019437e+00 3.333845576858777138e-01 -1.146938581667002355e+00
3.109214575207775777e+00 2.773460152931471523e+00 7.005662099249749808e-01
3.646789821756228900e-01 5.653319612847636400e+00 -4.646602716041921433e+00
-9.623352958688921044e-01 4.799336493265361270e+00 -4.027915628693079064e+00
6.179642758015370108e-01 1.671948631369334137e+00 -1.108543380755884655e+00
3.600042021813723570e-01 -1.713777009512470195e-01 -2.381322944637400130e-01
7.086790175171031603e-01 -3.981473432046059635e+00 1.468440093243553957e+00
1.789938830347110321e-01 2.990017198945970289e+00 -1.470934085475513964e+00
-4.668476509928119356e+00 1.664178291673543475e+00 -6.361289385273821040e+00
-1.221631219745951569e+00 3.145096315870689718e+00 -2.843412850982964812e+00
-3.598385432625416325e+00 -5.418062776004549441e+00 1.243089830046659516e+00
4.760830323257307484e+00 9.420991823540847410e-02 3.969242023378847239e+00
5.458903089458764235e+00 -2.936293156335324728e+00 4.571891242521223475e+00
3.234333249670370947e+00 2.635441558113112981e-01 2.442829380668245953e+00
-8.247750595841887300e-01 2.771674705553213158e+00 -1.874196311404044080e+00
2.338540461840369566e+00 5.152215024271626476e+00 -1.902116482200395975e+00
3.418497030650705870e+00 -2.717547707197391027e+00 4.832750263112761679e+00
4.240783316768058420e+00 4.617567445461278730e+00 -5.588243795713321305e-02
-2.700178733029414246e+00 5.197810454627031618e+00 -5.546598166262524998e+00
8.083951297758520838e+00 3.096384070013528778e+00 2.697892510236784780e+00
-5.228456852161960100e-01 -1.364599431856991618e+00 -3.383999740659245081e-02
2.868718635242288428e+00 2.361034135498798925e+00 7.741199130632034908e-01
6.365652099312062440e-01 3.181930980272206000e+00 -1.987739188668764090e+00
-3.724647846713117438e+00 -2.030505414729674385e+00 -6.216660080664209165e-01
5.036604700837057358e+00 -1.607130486497816868e+00 4.650537613552370608e+00
2.542778144003091434e+00 1.734715535469124825e+00 1.248979173179152635e+00
-1.558217960595460472e+00 -1.925699278703099981e+00 4.502388271724452329e-01
2.271621085675482821e+00 3.869733913777240186e+00 -1.098657519863179166e+00
-6.868762672422219495e+00 -3.786624037455516234e+00 -1.467683762872243225e+00
-3.539359433024837909e-01 -9.141585746345901597e-01 8.524632333070454315e-01
4.025735933787372822e+00 3.379942824205540486e+00 1.526210588942181978e+00
-5.585654007398323240e-02 3.008020329246867242e+00 -2.684267128759458831e+00
-2.321623838954708141e+00 -1.934979173168704492e+00 4.761176876505167632e-01
-6.090184770684582638e+00 4.363625497630396310e+00 -7.652317117763696608e+00
-1.396015461734168295e-01 -3.172853403356161284e+00 1.684273566535064326e+00
4.310101234304864803e+00 -5.322007229425602670e-01 4.336781531595204520e+00
2.878497010382064847e+00 -1.610127364975920128e-01 1.548135925888073583e+00
4.753589261059136817e-01 4.804980793033447051e-01 -3.274483047992582385e-02
-2.926942421883168777e+00 7.776194863998648898e-01 -2.527704933181503133e+00
7.894557712170058750e+00 -3.473132799773367640e+00 9.052880191499415474e+00
3.776862602459395646e+00 -4.739547404606631709e+00 6.302342842446409854e+00
-3.185626874599490677e+00 -2.215881854682336005e+00 -9.119578558737724272e-01
3.409540010377116293e+00 7.349078197557574299e+00 -3.012825829883682083e+00
-1.182459176847111104e+00 5.565970430664248347e+00 -4.170713103081913786e+00
-4.016339446310118966e+00 3.348135586456554069e+00 -5.215566176166872125e+00
5.577097735042758408e+00 3.909115165503509903e+00 1.084187258237467200e+00
-2.267094708068787323e+00 2.043885401719363060e+00 -2.682381672799760253e+00
-4.668476295541895693e-01 -4.190882861805739767e-01 -1.441181495371898214e-01
-4.150229788141986731e+00 1.850436086939658331e+00 -4.429019806880543086e+00
2.547375677334848376e+00 4.617653852282814220e-01 1.047365777768225481e+00
5.838294692075194803e+00 -9.679810065576745615e+00 1.049893703726109351e+01
2.083607937663513598e-01 2.328712049046708366e+00 -1.162263955274109861e+00
2.794375127999228159e+00 4.371987903490444083e-01 1.294670292396777889e+00
3.982027545326697116e+00 -7.558629572011875686e-01 3.509460789976802442e+00
7.834088746877487353e+00 -7.658195909437500504e+00 1.079308735987666878e+01
-4.662302926669816827e-01 -1.027166084520002798e+00 1.148027196598943922e+00
5.980557545968100408e-01 3.828125911138337223e+00 -1.360350127411654952e+00
-6.631022951548824373e+00 2.283024686058082731e-01 -4.635637225912679682e+00
2.631176585254221489e+00 8.045116693365805816e+00 6.985002288059567910e+00
3.488253472156795265e+00 2.186634145844592148e+00 3.943611005657781998e+00
-3.006030078715477671e+00 -7.588645469136459099e-01 -3.061112936572338850e+00
2.821909116438744647e+00 3.166929619585587830e+00 3.901185521040007487e+00
1.011016640200861127e+00 3.044877990266112722e+00 2.163789886817972352e+00
4.717450970314390091e+00 4.085906243832235774e+00 6.759580103237389892e+00
7.832158097443558731e+00 -2.819260259527657020e+00 3.571648767344855813e+00
-1.671209335442749966e+00 -1.636562481106132783e+00 -2.431377253852649467e+00
7.482918067279506147e+00 -1.798893550637776784e+00 3.180955509415206883e+00
-3.548188218518012249e+00 4.382774177424919593e+00 1.075199022447162367e+00
4.756973850810954474e+00 -1.808841920136143866e+00 2.580797169827619086e+00
3.967805163329618523e-02 -8.734242669865489583e-01 -4.028622026310397786e-01
1.204990180715312942e+00 3.990603667844764502e+00 3.239517667890583486e+00
5.757289445949770545e+00 1.405319910442172970e+00 5.531151293576912487e+00
3.526662906592871405e+00 -4.889997105205088346e-01 1.104757405203425469e+00
2.595176269831704019e+00 2.415294246434030345e+00 3.543589468964144285e+00
-1.346148273756111680e+00 3.718577377317948240e+00 1.656568745653021812e+00
3.456796332641820957e+00 2.353879478505988665e+00 3.962463381686294195e+00
1.969785672938214383e+00 -1.441126302685683092e+00 7.079714609617184795e-01
1.380438770586604358e+00 -1.805895533998425284e+00 -1.390301057179367028e+00
-3.202536067290033373e+00 -1.322051324421174678e+00 -2.518084964321786412e+00
6.036101456710000868e+00 4.309743209802109343e-01 4.904602021506807574e+00
3.147717269972743814e+00 4.043345511992625596e+00 5.800422517714469706e+00
-9.670701242482007687e-02 3.629208936916109352e+00 1.862753970668860060e+00
6.938250026686835881e+00 -1.942565088105260296e+00 3.124732987364913228e+00
-3.613313676811165998e+00 -1.655604053096922268e+00 -3.284547898122914589e+00
-7.688652214632635262e-01 1.079726544425892332e+00 3.047082254279384617e-01
4.803796595653160750e+00 -5.611695826277258270e+00 -2.757113299642225956e-01
-5.860477372087197878e+00 5.649488013528529251e+00 1.084562743019150011e+00
-3.762564382251568418e+00 2.648414049620170019e+00 -4.709616753385179599e-01
2.758822037518449122e+00 3.733778063620154519e+00 4.649552650153895961e+00
-3.841104823459508655e+00 1.608009642197841815e+00 -4.191975191026798830e-01
3.612231869738859458e-01 5.364209254034109087e+00 2.737782118810255572e+00
3.124532893597335104e+00 2.298709584925983762e+00 3.241757512413207198e+00
1.107596389488305455e+01 1.430348837285141173e+00 7.265847334748380071e+00
-2.019205959458082233e+00 -3.836756957838439730e-01 -3.352299874638440258e+00
1.798156218249786997e+00 -3.750743722074734610e+00 -7.975691517443904699e-01
2.924185167639619998e+00 3.367474204720608544e-01 3.167064190668488433e+00
7.972457927755900009e+00 -4.668071741206640257e-01 5.031774474824169729e+00
-1.246161689773957804e+00 -2.034757234914393642e+00 -1.677087891233522532e+00
5.773323515641484160e-01 3.122241176077420466e+00 2.150323270307230139e+00
-1.501984035242282189e+00 -3.691445683408885792e+00 -4.274288018408380907e+00
7.348698051151668631e-01 6.539623323944510069e-01 -1.221280449780515198e-02
3.169108196425897361e+00 2.967675974665032079e+00 4.815662047153926650e+00
-4.550358705008094695e+00 4.226291240021728957e-02 -2.709866140281344649e+00
1.633181035684896587e+00 -2.554610325931406134e+00 5.376746420687923411e-01
3.585960238594542160e-01 4.114405652221105214e+00 3.734726770717904376e+00
-1.260123166783058801e+00 -4.910771422168975775e+00 -4.104204260898366208e+00
8.348566184897693532e+00 -1.970806309542454837e+00 4.562565855426104378e+00
