5.468087192934329543e+00 -2.424742759187216712e-01 3.677825859053901691e+00
-2.556348778966179403e+00 1.001367185462719966e+00 -1.901495652413176529e-01
3.454777847404673086e+00 1.025949490452860990e+00 1.386372051703283148e+00
-1.038880696936631320e+00 -4.104432460050322362e-02 -2.676066160025095009e+00
-5.221944550238799998e+00 5.829406941641572359e+00 -7.025107916694991239e+00
-5.151540242317197205e+00 -6.535335008031714743e+00 3.214060607149624271e+00
1.326420912190142465e+00 2.693994932929106301e-01 -9.077773229894892104e-03
2.734403862476008085e-01 3.595729867256152179e+00 -1.597892037940179755e+00
1.721392132610690018e+00 5.336148612493921917e+00 -3.099921099802990909e+00
4.031719021317515583e+00 -5.655789210112635024e-01 3.378865288347952411e+00
-1.501706299005265643e+00 8.549375670110186398e-01 -1.578296802007982391e+00
5.310736119224772622e+00 -2.163237777592966982e+00 3.599957326087643406e+00
5.028158339670754096e+00 -4.198370700295708247e+00 6.559845357358701001e+00
-5.752655770354399678e+00 -2.238930076054275631e+00 -2.361694449464959433e+00
1.372833388099902185e-01 1.336434161826437927e+00 1.883697296850367353e+00
-3.055301567986000721e-01 2.784106761775620775e+00 -3.083656665445182465e-01
3.039074404995131484e+00 -1.741762990919550003e+00 2.925133847101671236e+00
4.563699571587567227e+00 -4.020660445372858938e-01 2.814678069277125161e+00
4.253828538507354651e+00 -3.766839837790943779e+00 3.570015536771891096e+00
-1.041037028099806250e+00 -2.773589038749688651e+00 3.915125034291202510e+00
-5.760444925237565350e+00 2.750685539144236191e+00 -5.537743562202523506e+00
9.629463067137882248e-01 8.302251923205603568e-01 1.694786695822663170e+00
8.345329640988463638e-01 4.581011373378565121e-01 -1.488215898393687953e+00
-2.254730891971248763e+00 -1.756037690029467857e+00 1.513077002286401296e+00
-1.196546913304237458e+00 1.980136683385959273e+00 -2.134381209744661945e+00
8.617347252963581949e-01 3.303225877113302733e+00 -1.379303505110344830e+00
-3.579924608494226557e-01 4.978672984288428083e+00 -2.797952344826244442e+00
-4.401175140849604261e+00 -8.814021866283260342e-01 -2.764609132757114285e+00
1.692616943444220201e+00 -4.474409731550169411e+00 2.796580405919090850e+00
6.606235997765522505e+00 2.475147231678409998e+00 5.199442821130762837e+00
3.051893928623172769e+00 4.038902088273839119e+00 -1.321912470056926026e+00
1.300310813886222716e+00 -6.768918519930204880e-01 4.769676068990084672e-01
2.098438001063849256e-01 3.814291732892575837e+00 -3.536522691287684594e-01
-5.283025425728904878e+00 7.072454239255687725e+00 -6.471082413641395803e+00
-2.261113468475594246e+00 -5.912425138343297526e+00 1.170399300108582175e+00
-4.818536414196435302e+00 -1.458966876596032858e+00 -4.113430778795843956e+00
-7.111844711277821141e+00 1.745999761111420634e+00 -4.260442217415426391e+00
2.633301128173093808e+00 -3.471982327618719388e+00 3.716054591896113646e+00
-1.689853488823679362e+00 1.682097962650844325e+00 -3.816346894516010835e+00
4.282919805517408030e+00 -3.622540569088522067e-01 2.967129886487895885e+00
-1.049444462292652425e+01 4.140574949414299155e+00 -9.489632649014792420e+00
-1.138389653495519571e+00 2.113937063282750106e+00 -1.547662122865090639e+00
6.843214176851770247e+00 -1.862444222446522302e+00 8.128987108981721832e+00
-5.186136097826523628e-01 -2.502247969161186081e+00 -3.025053545448321834e-01
6.788146475410310465e+00 1.007346361384505062e+00 6.157397852700547958e+00
-2.637240252556600328e+00 1.827213373670633745e+00 -2.616155651315421160e+00
-6.026392451822443874e+00 1.465095800561925010e+00 -5.571727765496020446e+00
1.352051441145471378e+00 -2.022415217456720316e-01 4.911555873065569511e-01
-1.324462070180988382e+00 1.306510336403941430e+00 -7.532997905404353878e-01
2.010249288986310778e-01 2.205328758758269725e+00 -2.834766568010447685e+00
-1.615291948388798859e+00 -5.600590329077721030e+00 2.168470136266175352e+00
-2.472684476155785127e+00 -1.064916979603268476e+00 -3.984737311896789924e-01
-2.735114633064628098e-02 5.349118122445805090e-01 -1.767147704356502702e+00
-1.557559150336569331e-01 -7.160680110606787441e-01 -2.821058894000052497e+00
-5.232797278484501824e+00 5.443078202542482202e+00 -6.820915317436320180e+00
1.849414887331006563e+00 6.744829113844760249e-01 2.128827944059318522e+00
-3.178880409038062016e+00 -8.764898341493780887e-01 -3.151179557879982163e+00
5.568113456473322564e+00 -5.319636330846658545e+00 7.209671411728414192e+00
-1.192873067079940896e-01 3.982732820982150201e+00 -2.870945890934669453e+00
1.677991186565849002e+00 1.006151013221615820e+00 -1.111936839621372686e+00
1.869757330124666717e-01 -1.506249451777201376e+00 2.184959075802995088e+00
-1.845548313299309351e+00 5.159359544170591505e+00 -2.722563558606400758e+00
9.717389054771963242e-01 -6.655710810722224036e-01 1.235558646507494279e-01
-7.632411433114281163e-01 -1.940823127619068167e+00 6.308332841769841437e-01
-3.906236617575296499e+00 4.457775304836879116e+00 -6.278385763676209486e+00
-2.821084702923888798e+00 1.112908815620564429e+00 -5.170704419057265078e+00
2.855600569746537420e+00 1.306083069091404036e+00 -8.177752915599503236e-01
-1.667286101156035538e-01 8.218240578009918806e+00 -5.063948397368310594e+00
3.355706507149700535e+00 5.158757724266752831e+00 -8.841144472773476704e-01
-5.853868118751158534e+00 -2.862404711515579514e+00 -1.219979654543796643e+00
1.885614031595434614e+00 -4.451347552285550790e+00 4.427524909901988437e+00
2.922168802004096122e+00 -4.244309900097213983e+00 4.004102768582812111e+00
-2.982945770029248322e+00 3.217621463402807747e-01 -3.957300001446175663e+00
4.913927359621936830e+00 -3.536029294224605657e+00 6.964699654555962738e+00
6.228092692108334383e+00 -1.813153021968144429e+00 5.332990806113531157e+00
1.485599588401863791e+00 2.583847151925635077e-01 1.601031497037180618e+00
-1.195652229237706532e+00 9.601542270709456650e-01 -2.119908510919836786e+00
2.215940169025762962e+00 2.997945168106038949e+00 1.225555105387915455e+00
1.398551538446948239e+00 -1.296333160010893493e-01 9.517536487853840432e-01
-1.129150703986213089e-01 -3.101221267529389092e+00 2.879218220071026568e+00
4.213071438899225640e+00 -3.851235909600783547e+00 6.950126363460749523e+00
-9.553684874255001347e+00 5.315420180993561061e+00 -7.252182710087411444e+00
1.538503470645543603e+00 1.106950935468773656e+00 2.293422359832583801e+00
2.392445212247594988e+00 2.128179794322243357e+00 -3.828666296009977654e-02
2.226621229406034352e+00 -5.786650525786843247e+00 5.325683047548558591e+00
5.677910989962778210e+00 1.273706210195983068e+00 3.850769427714061166e+00
1.699589855809883476e-01 6.724109748151241739e+00 -3.797325741227675966e+00
4.103355967361054901e+00 3.333094765093935763e+00 7.070072173341147848e-02
-3.114373939997573393e-01 -3.070399464887152430e+00 1.795582761779464853e+00
-7.445933047831717388e+00 5.048070570763794507e+00 -4.443070879318685940e+00
-7.059375321154397476e-01 -7.220863738887295824e+00 4.335436065107407977e+00
-3.446231723732297025e-01 2.370710217081003490e-01 -1.232766123949712300e+00
-4.552025232078101169e+00 -5.067925344635589191e+00 2.154740767044178718e-01
-7.173038120012757091e+00 2.472769116951838431e+00 -4.301251836568413367e+00
-6.235117362580076872e+00 4.639276227768985628e+00 -5.952357672854389214e+00
-1.794684426336144334e+00 6.810755472449242509e-01 -9.135246667958074607e-01
-1.269241151183634120e+00 4.873300452761730184e-01 1.180172124946197165e-01
-1.637673527593094924e+00 -1.817185804255721626e+00 1.239733295358827814e+00
-2.947578466640853989e+00 -1.136410457572119670e+00 3.597771502781696995e-01
-1.850254240271464568e+00 2.863035021299030092e+00 -2.647974894143628966e+00
